	case 589:
		anim.anInt352 = 64;
		anim.anInt356 = 12;
		anim.aBoolean358 = false;
		anim.anInt359 = 5;
		anim.anInt360 = -1;
		anim.anInt361 = -1;
		anim.anInt362 = 99;
		anim.anInt363 = 0;
		anim.anInt364 = 0;
		anim.anInt352 = 64;
		anim.frames = new int[] {5308636, 5308636, 5308637, 5308637, 5308638, 5308638, 5308639, 5308639, 5308640, 5308640, 5308641, 5308641, 5308641, 5308641, 5308640, 5308640, 5308639, 5308639, 5308638, 5308638, 5308637, 5308637, 5308636, 5308636, 5308642, 5308642, 5308643, 5308643, 5308644, 5308644, 5308645, 5308645, 5308646, 5308646, 5308647, 5308647, 5308647, 5308647, 5308646, 5308646, 5308645, 5308645, 5308644, 5308644, 5308643, 5308643, 5308642, 5308642, 5308781, 5308781, 5308781, 5308781, 5308782, 5308783, 5308783, 5308783, 5308784, 5308783, 5308783, 5308782, 5308782, 5308781, 5308781, 5308781, };
		anim.secondaryframes = null;
		anim.frameLengths = new int[] {8, 9, 9, 9, 9, 9, 9, 9, 9, 9, 9, 9, 9, 9, 9, 9, 9, 9, 9, 9, 9, 9, 9, 9, 9, 9, 9, 9, 9, 9, 9, 9, 9, 9, 9, 9, 9, 9, 9, 9, 9, 9, 9, 9, 9, 9, 9, 9, 9, 9, 9, 9, 9, 9, 9, 9, 9, 9, 9, 9, 9, 9, 9, 9, };
		anim.anIntArray357 = null;
		anim.class36Ids = new int[] {81, };
		break;

